fallingpillar;1.3;39d28238a3fa579f26a67adfdf22d4d53b3bd9d0
Ground:20;19;16;0;0;0;20.5;15.5;15.5;13;20;29
StartZone:16.5;22;19;0;270;0
Ground:20.5;15.5;32;0;0;0;20.5;15.5;32;13;21;38
Ground:22.5;15.5;38;0;0;0;22.5;15.5;38;28;24.5;32
Crate:19;21;27.5;0;0;0
Ground:28;15.5;28;0;0;0;28;15.5;28;22.5;26.5;23
Lava:22;15.5;23;0;0;0;22;15.5;23;21;27.5;29
Ground:22;27.5;29;0;0;0;22;27.5;29;21;28;23
Ground:12;15.5;29;0;0;0;12;15.5;29;8.499999;29.5;23
Moveable:23.5;26.5;27;0;0;0;22.5;26.5;27;24.5;39.5;25
Crate:10;30.5;26;0;0;0
Ground:8.500001;15.5;23;0;0;0;8.000001;15.5;23;5.000001;26;29
Ground:3;15.5;23;0;0;0;3;15.5;23;-13.5;35;33
FinishZone:-9.999999;37;28.5;0;0;0
Moveable:4.5;26;23.5;0;0;0;5.5;26;23.5;7.5;32;28.5
Ball:19.5;22.5;27.5;0;120;0
Crate:14.5;22;36.5;0;0;0
